0.0347920580444
0.062992253
0.0406693603
0.0613701372667
0.0495361829767
0.124067606046
0.13100232363
0.0369300945625
0.0359078295902
0.0311315
0.0646022641739
0.10835045375
0.1349544125
0.116147276587
0.115449511417
0.086401478
0.102255930143
0.065214284
0.115188343357
0.135562096
0.0783767086154
0.0844488152353
0.0617586642857
0.110438958316
0.103409523125
0.138346168634
0.165074899333
0.163917149
0.0781501801
0.0828174875179
0.0472818713077
0.0646817169815
0.042027941
0.123725124556
0.067265395
0.0649808106061
0.110413285818
0.0426404632381
0.0646817169815
0.045540649
0.132999140125
0.028742406
0.049076836
0.07017501556

100.0
23.2548866583
16.2439633415
15.8824037609
15.6158102334
13.4720502679
12.4582263011
11.9049326711
10.4558287297
9.67175357444
8.59520154935
8.19338446935
6.7214458705
3.33281932936
3.01379134002
2.5984748567
2.46111168649
