0.0291107973333
0.042521776
0.033992912
0.0252519511667
0.0432192222963
0.100369134
0.049402653
0.0239705516667
0.0318475717
0.0254305940833
0.066443389875
0.0615080006667
0.0879086651429
0.0938955318451
0.0737866173462
0.0906993241333
0.318811302
0.0580268883333
0.2017118185
0.0821795353125
0.0998151345357
0.0522186831563
0.0786762997419
0.320760744333
0.233643945
0.320744706
0.320760744333
0.209490572
0.0873736277647
0.0657961214138
0.046185731
0.0490155404167
0.0413930895
0.156668675
0.0536306713333
0.046123306814
0.130043321519
0.0342984226667
0.0555462002368
0.028417982
0.130043321519
0.024901749
0.0484911353
0.0555462002368

100.0
15.0700502244
2.47859090984
2.07236778737
1.9725625719
1.84648937035
1.7436642484
1.64811392053
1.40961332074
1.3965579046
1.37426939475
1.2326261205
1.14245485091
1.13300145651
1.08895130641
1.06128749838
1.05379141967
1.03766065417
0.973534515788
0.906870222414
0.81151133615
0.809718124452
0.803825837244
0.782452965151
0.772800491774
0.725422102224
0.602732498611
0.576371978894
0.46000512045
0.402523885484
