0.029182111
0.043423745075
0.0371039513684
0.0247105867778
0.0437076928226
0.1067720492
0.0530287426774
0.0235874638
0.0339561732727
0.027237183
0.0681855290714
0.065214284
0.0856335806923
0.0938120297273
0.0729841044783
0.0877969909231
0.318811302
0.0549395171667
0.209490572
0.08343314754
0.0900746593214
0.0538906600864
0.07671203315
0.320749080091
0.244714711907
0.320744706
0.3207687635
0.209490572
0.0857832935385
0.0648216861667
0.0450442648889
0.049210454
0.0410806620833
0.151037384182
0.0563389753922
0.0464682215926
0.128209345111
0.0340047895
0.0531366798605
0.029182111
0.131466797526
0.02520632725
0.04852297668
0.059582581125

100.0
14.9502182649
2.27206180539
2.19506326705
1.76560492907
1.67870389361
1.63410888863
1.56762150564
1.50142817053
1.38124691946
1.31606775961
1.12699019289
1.03994050531
1.03815756966
1.03395976169
1.0091896645
0.965929284606
0.962582776132
0.949984925554
0.780990199726
0.76877623676
0.745952590407
0.695361207008
0.690358861943
0.644606709395
0.56393176344
0.538175903542
0.530691011383
0.524816313069
0.498615179155
0.360246722714
