0.035714286
0.219047619033
0.25
0.035714286
0.142857143
0.321428571
0.5
0.0
0.035714286
0.0
0.361721611564
0.290816326286
0.4392857146
0.357142857
0.352272727091
0.3000000002
0.3660714285
0.236607142875
0.471088435381
0.428571429
0.29506802719
0.340909090636
0.231456043865
0.3499999998
0.332361515796
0.511904762
0.515037594
0.464285714
0.288095238
0.27285714272
0.178571429
0.27285714272
0.1714285718
0.499999999909
0.25
0.20000000002
0.2714285716
0.142857143
0.232142856944
0.035714286
0.526785714143
0.0
0.244897959143
0.339285714375

100.0
90.7952681404
89.3338838984
39.9690730814
38.7721283392
38.6840448459
29.3574097034
24.5355190369
23.5000679318
23.1382878847
21.1885944917
19.4699124299
18.1708238768
16.3502226988
15.8121571657
14.7484178713
13.956147197
13.5017582542
11.6810235174
10.5754322678
10.2860000735
9.2397970507
8.61798341637
7.78424820005
6.72365682824
6.25286629259
2.80200575632
2.53993749996
2.42597926987
