0.0325292735
0.0401711428182
0.0396381230357
0.0249796
0.0453908611714
0.108473592218
0.0526776302105
0.0324489290909
0.0345277486667
0.0275382276
0.0641263433684
0.0594782895
0.0771442832069
0.096571782902
0.0765561840533
0.0925969145313
0.320755809462
0.0588082420588
0.202482750636
0.092385966
0.0864292451429
0.0521045730417
0.0708787645714
0.320744706
0.247023799
0.320744706
0.320747379056
0.188453181
0.0878576688889
0.059454941
0.0461279788889
0.0486677821765
0.0443556305714
0.1572600142
0.0517132078182
0.0525636466981
0.10470944595
0.036214911
0.0547359351111
0.0258314474444
0.106736018767
0.0186168321667
0.0516366725
0.05684829225

100.0
14.4167721378
2.92407673073
2.59335819714
2.39266913044
2.06682048518
1.77973149343
1.77270672248
1.68654105106
1.66530785008
1.60108049642
1.60022254479
1.51541475356
1.47673483739
1.45983941172
1.3733871481
1.03362658609
1.02324744644
0.987173872515
0.917246260662
0.814622026358
0.685346671249
