108.242990082
204.210836969
39.219680697
343.445187878
398.281682222
159.737054545
166.56678873
262.681555157
310.82476994
555.095543959
490.854644485
199.064718793
293.835672231
188.367037625
336.337625915
318.67730247
332.533862333
258.428815146
667.271523363
470.61223481
942.622729415
1546.21989252
460.815464809
733.35940133
803.300757957
501.029539124
808.266639574
861.456417468
377.115686033
674.893276851
376.843209857
968.662935208
541.308812058
271.989534401
437.665594051
143.473593209
247.152109802
510.137062319
300.140961997
543.874537455
372.083853259
784.516267053
138.883608313
347.021639087
240.244912429
