127.133115583
177.153291128
95.286628392
364.126589651
484.748882898
147.348900099
374.892385284
331.690880912
367.714029453
540.630765093
457.200516911
162.929691843
279.812768211
214.678162767
454.059244369
352.446378407
372.629322534
307.828258649
641.237788492
521.39378704
376.639431346
1853.02422164
403.298259685
794.781875915
799.196628473
508.910868515
981.318313756
706.330787504
337.127246903
600.029801102
450.426268998
923.71357516
549.966568135
260.007745027
461.245635627
130.274307417
141.957866074
459.805080235
193.509439782
333.996562898
370.092198132
716.90872502
131.274309209
349.697091646
309.316630547
