188.740131343
139.901631448
149.051158149
211.606764784
298.333328022
286.872099079
265.806665472
257.382340602
360.713540689
869.20566993
726.492025899
1493.72025406
169.118863668
53.3421843032
531.225961034
209.881178513
732.993223236
331.314841388
827.913775513
611.197218683
624.148897702
1257.50797116
531.179433581
661.288797998
1255.22289765
421.816682223
1792.03318853
2998.14576584
167.671785865
730.480030911
891.249824591
723.780808473
488.086743856
134.853101779
315.79929247
233.748497796
225.768579962
316.548677759
324.6704755
239.504536235
270.28422382
374.242917219
253.496826745
326.953825799
366.747087364
