108.431124921
196.036603408
39.3485411575
347.064662188
398.281682222
126.195829402
165.610866067
262.607557806
310.82476994
555.107983063
491.822216382
199.375328191
290.131770265
186.845469154
478.355878999
318.618377014
347.019717521
282.146213419
667.265956247
470.597119058
940.591853033
1703.86306431
460.815464809
733.419731425
800.835766524
501.029539124
814.092524685
925.283857289
572.750096222
513.94266985
377.767889532
941.029700463
540.798287812
262.349721238
437.039896278
143.44533662
236.259374541
510.144962286
300.27024007
543.874537455
372.126005591
779.434324504
138.728361953
347.021639087
240.281065804
