185.294445464
145.237550409
143.626966661
208.046464181
298.333328022
304.048133138
266.134701442
255.629860624
361.123454815
869.215596406
726.492025899
1215.12313901
175.640053631
53.3421843032
531.000611174
214.522953654
719.206106695
331.030418511
828.596277208
603.892276929
620.471969663
1333.59567352
531.002712104
646.138130258
1255.22289765
421.81233034
1514.91180367
3285.76951631
164.447372915
723.031892153
886.483844625
726.991637307
468.606715321
134.872808517
308.680063704
223.862586401
225.638505559
332.460058636
327.813578116
239.504536235
275.699814402
365.30021975
255.113592519
326.961626827
366.748829964
