167.8095238
149.821556
211.6587678
270.4918033
208.9832182
39.11853271
130.1395349
417.1145686
397.0049917
461.9735259
448.4727756
468.5756241
267.2727273
94.82905983
303.5980991
239.5996094
286.5049751
222.3439211
705.8
323.9961759
630.0188798
1451.466414
759.7964377
694.017094
772.280419
501.3333333
823.1793961
762.8205128
427.9735683
589.6103896
273.3131923
1090.73724
513.5882353
320.3028217
502.7253669
91.6715889
175.2430331
369.7797357
254.0468227
225.5720054
379.1753653
616.4579606
91.69916435
245.2956989
161.8569636
